[gd_scene load_steps=15 format=3 uid="uid://d1wq3b2bqcb4x"]

[ext_resource type="PackedScene" uid="uid://dycy2wdnpnkfu" path="res://arbre_charte.tscn" id="1_q32mu"]
[ext_resource type="Material" uid="uid://idv5ne7hkw2t" path="res://Eau.tres" id="2_apcuk"]
[ext_resource type="Shader" path="res://Outline.gdshader" id="3_05wal"]

[sub_resource type="Environment" id="Environment_r81no"]
background_mode = 1
background_color = Color(0.101961, 0.498039, 0.768627, 1)
reflected_light_source = 2
ssr_max_steps = 512
ssr_fade_in = 0.289781
ssao_radius = 45.25
ssao_intensity = 16.0
ssao_ao_channel_affect = 1.0
ssil_radius = 5.3
glow_levels/3 = 0.0
glow_levels/5 = 0.0
fog_light_color = Color(0.686275, 0.745098, 0.678431, 1)
fog_density = 0.006
fog_height = 3.3
fog_height_density = 3.5188

[sub_resource type="CameraAttributesPractical" id="CameraAttributesPractical_2ag0v"]

[sub_resource type="BoxMesh" id="BoxMesh_pbasu"]
size = Vector3(60, 0.2, 60)

[sub_resource type="StandardMaterial3D" id="StandardMaterial3D_etnga"]

[sub_resource type="QuadMesh" id="QuadMesh_vicn8"]
flip_faces = true
size = Vector2(2, 2)

[sub_resource type="ShaderMaterial" id="ShaderMaterial_h36m3"]
render_priority = 0
shader = ExtResource("3_05wal")
shader_parameter/outlineColor = Color(0, 0, 0, 0.78)
shader_parameter/depth_threshold = 0.025
shader_parameter/normal_threshold = 0.5
shader_parameter/normal_smoothing = 0.25
shader_parameter/max_thickness = 1.3
shader_parameter/min_thickness = 0.5
shader_parameter/max_distance = 75.0
shader_parameter/min_distance = 2.0
shader_parameter/grazing_fresnel_power = 5.0
shader_parameter/grazing_angle_mask_power = 1.0
shader_parameter/grazing_angle_modulation_factor = 50.0

[sub_resource type="PlaneMesh" id="PlaneMesh_lkbla"]
size = Vector2(15, 10)

[sub_resource type="CapsuleMesh" id="CapsuleMesh_413qw"]
radius = 3.0
height = 6.0

[sub_resource type="BoxMesh" id="BoxMesh_p136k"]
size = Vector3(8, 5, 5)

[sub_resource type="BoxMesh" id="BoxMesh_7v3kq"]
size = Vector3(5, 5, 5)

[sub_resource type="BoxMesh" id="BoxMesh_g40ah"]
size = Vector3(2, 5, 8)

[node name="Main" type="Node3D"]

[node name="WorldEnvironment" type="WorldEnvironment" parent="."]
environment = SubResource("Environment_r81no")

[node name="DirectionalLight3D" type="DirectionalLight3D" parent="."]
transform = Transform3D(0.149535, 0.831116, -0.535617, -0.00736871, 0.54263, 0.83994, 0.988729, -0.121654, 0.0872664, -77.4356, 32.571, 0)
light_bake_mode = 1
shadow_enabled = true

[node name="pivot" type="Node3D" parent="."]
transform = Transform3D(1, 0, 0, 0, 0.888321, 0.459223, 0, -0.459223, 0.888321, 0, 0, 0)

[node name="Camera3D" type="Camera3D" parent="pivot"]
transform = Transform3D(1, 0, 0, 0, 1, 2.98023e-08, 0, -2.98023e-08, 1, 0.0801578, 9.89289, 12.1683)
attributes = SubResource("CameraAttributesPractical_2ag0v")

[node name="Ground" type="MeshInstance3D" parent="."]
transform = Transform3D(30, 0, 0, 0, 30, 0, 0, 0, 30, -1.0939, -0.442851, 0.36463)
mesh = SubResource("BoxMesh_pbasu")
surface_material_override/0 = SubResource("StandardMaterial3D_etnga")

[node name="Outline" type="Node" parent="."]

[node name="Outline" type="MeshInstance3D" parent="Outline"]
transform = Transform3D(1, 0, 0, 0, 1, 0, 0, 0, 1, 0, 5.98216, -2.14887)
visible = false
mesh = SubResource("QuadMesh_vicn8")
surface_material_override/0 = SubResource("ShaderMaterial_h36m3")

[node name="Object" type="Node" parent="."]

[node name="ArbreCharte" parent="Object" instance=ExtResource("1_q32mu")]
transform = Transform3D(0.997166, 0, 0.0752392, 0, 1, 0, -0.0752392, 0, 0.997166, 10.6986, 0, -9.02064)

[node name="Eau" type="MeshInstance3D" parent="Object"]
transform = Transform3D(1, 0, 0, 0, 1, 0, 0, 0, 1, -14.4883, 4.65635, -5.50908)
material_override = ExtResource("2_apcuk")
mesh = SubResource("PlaneMesh_lkbla")

[node name="caillou" type="Node" parent="Object"]

[node name="carré" type="MeshInstance3D" parent="Object/caillou"]
transform = Transform3D(0.862796, 0, -0.505552, 0, 1, 0, 0.505552, 0, 0.862796, -22.0082, 4.27848, -5.80393)
mesh = SubResource("CapsuleMesh_413qw")
skeleton = NodePath("../..")

[node name="carré3" type="MeshInstance3D" parent="Object/caillou"]
transform = Transform3D(0.989706, 0, -0.14313, 0, 1, 0, 0.14313, 0, 0.989706, -17.9851, 4.63675, -10.0265)
mesh = SubResource("BoxMesh_p136k")
skeleton = NodePath("../carré2")

[node name="carré2" type="MeshInstance3D" parent="Object/caillou"]
transform = Transform3D(0.847623, 0, 0.5306, 0, 1, 0, -0.5306, 0, 0.847623, -21.265, 4.19867, -1.59599)
mesh = SubResource("BoxMesh_7v3kq")
skeleton = NodePath("../..")

[node name="carré4" type="MeshInstance3D" parent="Object/caillou"]
transform = Transform3D(0.436928, 2.98023e-08, 0.899498, -0.522826, 0.81373, 0.253961, -0.731948, -0.581243, 0.355542, -10.673, 4.84399, -12.3717)
mesh = SubResource("BoxMesh_7v3kq")
skeleton = NodePath("../carré2")

[node name="carré5" type="MeshInstance3D" parent="Object/caillou"]
transform = Transform3D(-0.0529714, -0.293916, 0.954364, -0.258126, -0.919192, -0.297413, 0.964659, -0.2621, -0.0271759, -7.41254, 3.98241, -8.27125)
mesh = SubResource("BoxMesh_7v3kq")
skeleton = NodePath("../carré4")

[node name="carré6" type="MeshInstance3D" parent="Object/caillou"]
transform = Transform3D(0.0214491, -0.939279, 0.342483, 0.62172, 0.280802, 0.731173, -0.782947, 0.197244, 0.589992, -6.09676, 3.99799, -3.79616)
mesh = SubResource("BoxMesh_7v3kq")
skeleton = NodePath("../carré5")

[node name="carré7" type="MeshInstance3D" parent="Object/caillou"]
transform = Transform3D(-0.653672, -0.0782681, -0.75272, 0.509111, 0.690437, -0.513907, 0.559929, -0.719145, -0.411475, -9.02507, 2.88656, -0.830904)
mesh = SubResource("BoxMesh_7v3kq")
skeleton = NodePath("../carré6")

[node name="carré8" type="MeshInstance3D" parent="Object/caillou"]
transform = Transform3D(-0.00690401, -0.0291961, 0.999552, -0.0597497, 0.997799, 0.0287302, -0.998191, -0.059524, -0.00863022, -14.9424, 3.27674, -0.179916)
mesh = SubResource("BoxMesh_g40ah")
skeleton = NodePath("../carré7")
